<=======================================================================================================================================>
PACKET LENGTH: 238
0
0
0
0
0
0
253
254
254
250
245
255
254
251
255
255
245
253
255
249
255
245
255
255
245
237
253
246
255
243
245
246
246
254
245
237
245
255
245
246
246
229
246
233
246
233
234
232
234
225
237
233
233
227
245
234
234
225
229
245
245
255
233
232
229
225
217
245
213
119
132
134
117
202
134
117
121
137
125
122
122
122
133
121
117
122
186
121
121
99
134
117
197
72
101
70
180
121
118
134
83
133
74
57
197
70
58
86
70
169
55
117
61
42
58
33
70
38
74
69
69
70
58
53
47
69
37
57
58
41
41
57
57
57
53
58
53
51
54
41
51
53
45
57
41
53
70
54
42
57
41
38
186
42
53
54
58
53
38
17
53
56
42
52
39
37
29
53
39
38
38
4
20
36
41
22
0
10
20
6
39
37
21
10
52
5
0
5
5
9
0
0
0
6
0
0
0
0
0
0
0
0
0
6
5
0
6
0
0
6
0
0
0
0
9
0
0
6
0
0
5
0
0
0
0
0
0
0
0
0
0
0
0
0
0
0
0
0
<=======================================================================================================================================>
PACKET LENGTH: 3676
0
0
0
0
0
0
0
0
0
0
0
0
0
0
0
0
0
0
0
0
0
0
0
0
0
0
0
0
0
0
0
0
0
0
0
0
0
0
0
0
0
0
0
0
0
0
0
0
0
0
0
0
0
0
0
0
0
0
0
0
0
0
0
0
0
0
0
0
0
0
0
0
0
0
0
0
0
0
0
0
0
0
0
0
0
0
0
0
0
0
0
0
0
0
0
0
0
0
0
0
0
0
0
0
0
0
0
0
0
0
0
0
0
0
0
0
0
0
0
0
0
0
0
0
0
0
0
0
0
0
0
0
0
0
0
0
0
0
0
0
0
0
0
0
0
0
0
0
0
0
0
0
0
0
0
0
0
0
0
0
0
0
0
0
0
0
0
0
0
0
0
0
0
0
0
0
0
0
0
0
0
0
0
0
0
0
0
0
0
0
0
0
0
0
0
0
0
0
0
0
0
0
0
0
0
0
0
0
0
0
0
0
0
0
0
0
0
0
0
0
0
0
0
0
0
0
0
0
0
0
0
0
0
0
0
0
0
0
0
0
0
0
0
0
0
0
0
0
0
0
0
0
0
0
0
0
0
0
0
0
0
0
0
0
0
0
0
0
0
0
0
0
0
0
0
0
0
0
0
250
255
255
246
255
246
249
253
237
255
249
255
255
246
250
245
253
255
235
246
255
245
244
246
254
255
245
244
249
245
250
245
254
245
229
243
245
245
238
245
253
246
245
246
245
233
235
244
229
245
234
230
249
234
243
244
245
249
230
229
228
214
227
205
229
215
213
202
213
133
133
117
109
132
120
122
125
113
133
119
121
122
129
133
134
117
122
105
198
118
58
181
85
73
73
86
122
57
189
134
83
179
58
70
119
62
53
61
69
58
53
70
174
53
70
54
67
170
70
42
53
189
41
57
48
70
58
41
73
37
38
58
41
54
69
37
57
52
40
57
42
58
42
53
41
69
45
38
42
61
57
53
70
41
38
50
37
24
22
42
38
38
7
38
41
38
37
42
38
21
41
51
14
22
9
21
54
0
53
0
13
22
0
5
0
0
6
0
0
0
0
0
0
6
0
0
0
0
6
0
0
0
0
0
0
6
4
0
0
0
5
0
0
0
0
0
0
0
0
0
0
0
0
0
0
0
0
0
0
0
0
0
0
0
0
0
0
0
0
0
0
0
0
0
0
0
0
0
0
0
0
0
0
0
0
0
0
0
0
0
0
0
0
0
0
0
0
0
0
0
0
0
0
0
0
0
0
0
0
0
0
0
0
0
0
0
0
0
0
0
0
0
0
5
0
0
0
6
0
0
0
0
0
0
0
0
0
0
0
0
0
0
0
0
0
0
0
0
0
0
0
0
0
0
0
0
0
0
0
0
0
0
0
0
0
0
0
0
0
0
0
0
0
0
0
0
0
0
0
0
0
0
0
0
0
0
0
0
0
0
0
0
0
0
0
0
0
0
0
0
0
0
0
0
0
0
0
0
0
0
0
0
0
0
0
0
0
0
0
0
0
0
0
0
0
0
0
0
0
0
0
0
0
0
0
0
0
0
0
0
0
0
0
0
0
0
0
0
0
0
0
0
0
0
0
0
0
0
0
0
0
0
0
0
0
0
0
0
0
0
0
0
0
0
0
0
0
0
0
0
0
0
0
0
0
0
0
0
0
0
0
0
0
0
0
0
0
0
0
0
0
0
0
0
0
0
0
0
0
0
0
0
0
0
0
0
0
0
0
0
0
0
0
0
0
0
0
0
0
0
0
0
0
0
0
0
0
0
0
0
0
0
0
0
0
0
0
0
0
0
0
0
0
0
0
0
0
0
0
0
0
0
0
0
0
0
0
0
0
0
0
0
0
0
0
0
0
0
0
0
0
0
0
0
0
0
0
0
0
0
0
0
0
0
0
0
0
0
0
0
0
0
0
0
0
0
0
0
0
0
0
0
0
0
0
255
255
255
255
253
255
249
255
237
255
238
246
254
255
253
246
237
245
255
255
233
255
255
246
249
244
237
248
246
238
234
245
255
249
233
234
245
234
234
234
230
246
246
246
246
226
227
249
246
227
243
254
243
233
233
245
245
233
221
232
249
230
246
234
229
228
202
209
238
131
122
125
133
122
121
117
121
150
124
116
120
122
133
121
116
121
121
121
133
141
68
67
101
109
93
105
58
69
53
58
102
53
73
57
117
121
118
57
45
41
57
57
93
70
54
51
58
57
68
57
68
57
53
54
90
69
29
54
41
58
78
41
53
68
35
69
58
42
36
70
45
54
54
170
70
58
56
40
53
54
37
53
41
39
37
70
53
56
26
26
53
18
42
38
9
53
37
53
38
0
5
9
6
53
53
36
22
5
9
0
13
17
10
10
0
0
5
0
5
0
5
0
0
0
0
0
0
0
0
0
0
0
5
0
0
0
0
0
0
0
0
0
0
0
0
9
0
0
0
0
0
0
0
0
0
0
0
0
0
0
0
0
0
0
0
0
0
0
0
0
0
0
0
0
0
0
0
0
0
0
0
0
0
0
0
0
0
0
0
0
0
0
0
0
0
0
0
0
0
0
0
0
0
0
0
0
0
0
0
0
0
0
0
0
0
0
0
0
0
0
0
0
0
0
0
0
0
0
0
0
0
0
0
0
0
0
0
0
0
0
0
0
0
0
0
0
0
0
0
0
0
0
0
0
0
0
0
0
0
0
0
0
0
0
0
0
0
0
0
0
0
0
0
0
0
0
0
0
0
0
0
0
0
0
0
0
0
0
0
0
0
0
0
0
0
0
0
0
0
0
0
0
0
0
0
0
0
0
0
0
0
0
0
0
0
0
0
0
0
0
0
0
0
0
0
0
0
0
0
0
0
0
0
0
0
0
0
0
0
0
0
0
0
0
0
0
0
0
0
0
0
0
0
0
0
0
0
0
0
0
0
0
0
0
0
0
0
0
0
0
0
0
0
0
0
0
0
0
0
0
0
0
0
0
0
0
0
0
0
0
0
0
0
0
0
0
0
0
0
0
0
0
0
0
0
0
0
0
0
0
0
0
0
0
0
0
0
0
0
0
0
0
0
0
0
0
0
0
0
0
0
0
0
0
0
0
0
0
0
0
0
0
0
253
255
254
255
253
253
249
255
236
252
246
255
254
243
255
246
255
255
255
245
253
255
246
246
255
246
246
233
245
237
244
243
245
245
245
237
238
232
245
230
243
245
244
227
238
233
233
246
246
246
233
233
233
234
244
245
233
253
234
205
228
222
246
230
249
234
125
203
241
215
134
113
121
134
121
138
120
134
122
118
121
122
118
133
122
133
119
120
118
121
122
185
69
74
125
118
121
105
57
58
58
73
41
54
198
69
57
78
119
197
55
69
56
70
70
46
67
58
47
70
58
62
0
0
0
0
0
0
0
0
0
0
0
0
0
0
0
0
0
0
0
0
0
0
0
0
0
0
0
0
0
0
0
0
0
0
0
0
0
0
0
0
0
0
0
0
0
0
0
0
0
0
0
0
0
0
0
0
0
0
0
0
0
0
0
0
0
0
0
0
0
0
0
0
0
0
0
0
0
0
0
0
0
0
0
0
0
0
0
0
0
0
0
0
0
0
0
0
0
0
0
0
0
0
0
0
0
0
0
0
0
0
0
0
0
0
0
0
0
0
0
0
0
0
0
0
0
0
0
0
0
0
0
0
0
0
0
0
0
0
0
0
0
0
0
0
0
0
0
0
0
0
0
0
0
0
0
0
0
0
0
0
0
0
0
0
0
0
0
0
0
0
0
0
0
0
0
0
0
0
0
0
0
0
0
0
0
0
0
0
0
0
0
0
0
0
0
0
0
0
0
0
0
0
0
0
0
0
0
0
0
0
0
0
0
0
0
0
0
0
0
0
0
0
0
0
0
0
0
0
0
0
0
0
0
0
0
0
0
0
0
0
0
0
0
0
0
0
0
0
0
0
0
0
0
0
0
0
0
0
0
0
0
0
0
0
0
0
0
0
0
0
0
0
0
0
246
253
245
255
253
251
254
255
255
245
255
255
249
250
255
255
250
255
237
255
250
238
245
246
245
255
249
245
244
246
230
230
245
230
245
238
234
246
249
234
246
245
246
253
245
233
232
245
244
254
245
244
246
237
245
233
245
250
246
215
230
218
217
228
233
218
216
117
214
230
120
122
133
124
134
121
122
123
133
132
122
121
121
122
134
117
134
121
123
54
101
122
182
72
69
106
125
116
122
197
54
71
102
62
73
86
186
69
69
102
37
41
70
58
70
69
58
54
185
73
53
70
42
53
73
43
94
54
37
37
61
70
58
41
68
53
69
57
53
38
69
58
52
38
41
41
42
58
62
40
38
57
53
54
54
54
41
53
38
70
57
41
36
53
37
51
41
41
6
6
42
9
37
42
6
0
38
37
21
0
6
10
0
45
5
0
6
9
6
6
0
0
0
6
0
0
0
0
0
0
0
0
0
0
0
0
0
0
0
0
0
0
0
0
0
0
0
0
0
0
0
0
0
0
0
0
0
0
0
0
0
0
0
0
0
0
0
0
0
0
0
0
0
0
0
0
0
0
0
0
0
0
0
0
0
0
0
0
0
0
0
0
0
0
0
0
0
0
0
0
0
0
0
0
0
0
0
0
0
0
0
0
0
0
0
0
0
0
0
0
0
0
0
0
0
0
0
0
0
0
0
0
0
0
0
0
0
0
0
0
0
0
0
0
0
0
0
0
0
0
0
0
0
0
0
0
0
0
0
0
0
0
0
0
0
0
0
0
0
0
0
0
0
0
0
0
0
0
0
0
0
0
0
0
0
0
0
0
0
0
0
0
0
0
0
0
0
0
0
0
0
0
0
0
0
0
0
0
0
0
0
0
0
0
0
0
0
0
0
0
0
0
0
0
0
0
0
0
0
0
0
0
0
0
0
0
0
0
0
0
0
0
0
0
0
0
0
0
0
0
0
0
0
0
0
0
0
0
0
0
0
0
0
0
0
0
0
0
0
0
0
0
0
0
0
0
0
0
0
0
0
0
0
0
0
0
0
0
0
0
0
0
0
0
0
0
0
0
0
0
0
0
0
0
0
0
0
0
0
0
0
0
0
0
0
0
0
0
0
0
0
0
0
0
0
0
0
0
0
0
0
0
0
0
0
0
0
0
0
0
0
0
0
254
253
255
253
254
255
255
237
255
255
255
254
246
255
255
255
255
245
243
245
245
255
245
252
246
236
245
245
245
230
249
246
245
246
246
237
234
255
227
234
234
246
246
237
235
246
237
234
230
246
234
245
230
245
246
234
234
246
246
228
234
213
237
206
245
129
141
212
217
213
134
121
134
117
110
117
134
133
114
133
121
116
134
122
118
121
118
99
110
133
54
198
54
179
85
69
181
117
73
89
54
86
69
67
70
38
69
85
54
69
69
37
57
54
41
58
54
55
74
56
198
40
38
61
46
198
38
54
54
54
67
40
53
41
58
57
54
70
53
49
58
38
53
62
39
37
39
55
28
37
58
70
42
53
57
38
38
45
41
51
38
41
42
18
58
41
54
41
4
10
42
38
37
25
41
21
10
10
7
41
0
6
0
8
5
0
0
0
0
6
0
0
5
0
5
0
5
5
0
0
0
0
0
0
0
6
0
0
0
0
0
0
0
0
0
0
0
0
0
0
0
0
6
0
0
0
0
0
0
0
0
0
0
0
0
0
0
0
0
0
0
0
0
0
0
0
0
0
0
0
0
0
0
0
0
0
0
0
0
0
0
0
0
0
0
0
0
0
0
0
0
0
0
0
0
0
0
0
0
0
0
0
0
0
0
0
0
0
0
0
0
0
0
0
0
0
0
0
0
0
0
0
0
0
0
0
0
0
0
0
0
0
0
0
0
0
0
0
0
0
0
0
0
0
0
0
0
0
0
0
0
0
0
0
0
0
0
0
0
0
0
0
0
0
0
0
0
0
0
0
0
0
0
0
0
0
0
0
0
0
0
0
0
0
0
0
0
0
0
0
0
0
0
0
0
0
0
0
0
0
0
0
0
0
0
0
0
0
0
0
0
0
0
0
0
0
0
0
0
0
0
0
0
0
0
0
0
0
0
0
0
0
0
0
0
0
0
0
0
0
0
0
0
0
0
0
0
0
0
0
0
0
0
0
0
0
0
0
0
0
0
0
0
0
0
0
0
0
0
0
0
0
0
0
0
0
0
0
0
0
0
0
0
0
0
0
0
0
0
0
0
0
0
0
0
0
0
0
0
0
0
0
0
0
0
0
0
0
0
0
0
0
0
0
0
0
0
0
0
0
0
0
0
0
0
0
0
0
0
0
0
0
0
253
253
255
255
249
253
255
254
255
254
243
245
237
247
245
238
238
245
255
255
249
249
235
255
245
243
255
246
246
245
245
244
237
255
246
245
244
246
237
238
238
245
243
230
237
246
246
227
246
232
230
229
253
229
246
233
234
230
246
237
245
229
228
217
249
217
214
134
122
137
132
117
220
134
134
122
122
126
121
133
133
121
132
133
134
122
179
78
185
121
134
121
122
120
85
73
85
185
93
70
197
58
85
69
56
86
45
58
54
179
73
54
76
70
182
37
70
73
57
54
58
54
54
61
54
40
39
70
40
61
69
61
38
52
45
54
37
57
42
53
69
62
51
61
70
45
58
53
38
54
42
57
42
42
53
33
45
45
53
35
46
37
37
0
43
57
6
53
22
7
22
40
3
0
10
9
21
6
6
0
0
7
21
9
5
6
0
0
0
3
0
0
0
0
0
0
0
0
0
0
6
0
0
0
0
0
5
0
5
9
0
0
0
6
0
0
0
0
0
0
0
0
0
0
0
0
0
0
0
0
0
0
0
6
0
4
0
0
0
0
0
0
0
0
0
0
0
0
0
0
0
0
0
0
0
0
0
0
0
0
0
0
0
0
0
0
0
0
0
0
0
0
0
0
0
0
0
0
0
0
0
0
0
0
0
0
0
0
0
0
0
0
0
0
0
0
0
0
0
0
0
0
0
0
0
0
0
0
0
0
0
0
0
0
0
0
0
0
0
0
0
0
0
0
0
0
0
0
0
0
0
0
0
0
0
0
0
0
0
0
0
0
0
0
0
0
0
0
0
0
0
0
0
0
0
0
0
0
0
0
0
0
0
0
0
0
0
0
0
0
0
0
0
0
0
0
0
0
0
0
0
0
0
0
0
0
0
0
0
0
0
0
0
0
0
0
0
0
0
0
0
0
0
0
0
0
0
0
0
0
0
0
0
0
0
0
0
0
0
0
0
0
0
0
0
0
0
0
0
0
0
0
0
0
0
0
0
0
0
0
0
0
0
0
0
0
0
0
0
0
0
0
0
0
0
0
0
0
0
0
0
0
0
0
0
0
0
0
0
0
0
0
0
0
0
0
0
0
0
0
0
0
0
0
0
0
0
0
0
0
0
0
0
0
0
0
0
0
0
0
0
0
0
0
0
0
0
0
0
0
0
0
0
252
255
253
251
254
249
255
255
253
246
255
255
249
254
238
255
255
249
255
238
254
237
245
255
255
230
246
249
246
237
245
245
245
234
233
246
233
249
237
244
245
229
246
234
230
233
238
244
245
230
233
245
243
237
246
233
229
245
226
245
234
245
233
244
244
136
229
198
229
122
122
125
213
133
113
118
134
121
119
133
122
134
133
134
121
133
117
116
195
122
69
133
121
74
117
73
133
58
85
57
56
70
39
57
105
77
69
58
53
61
37
185
56
58
183
41
73
116
69
58
52
57
73
41
37
26
53
49
53
69
58
57
38
58
69
39
38
57
53
36
42
53
53
57
54
37
42
54
54
53
41
35
57
35
42
21
37
69
11
57
34
38
59
62
34
41
42
26
38
37
5
13
42
9
22
21
10
5
0
5
10
9
0
0
10
0
3
0
6
0
0
14
5
0
0
5
0
0
0
5
0
0
0
6
4
0
0
0
0
0
0
0
0
0
0
0
0
0
0
0
0
0
0
0
0
0
0
0
0
0
0
0
0
0
0
0
0
0
0
0
0
0
0
0
0
0
0
0
0
0
0
0
0
0
0
0
0
0
0
0
0
0
0
0
0
0
0
0
0
0
0
0
0
0
0
0
0
0
0
0
0
0
0
0
0
0
0
0
0
0
0
0
0
0
0
0
0
0
0
0
0
0
0
0
0
0
0
0
0
0
0
0
0
0
0
0
0
0
0
0
0
0
0
0
0
0
0
0
0
0
0
0
0
0
0
0
0
0
0
0
0
0
0
0
0
0
0
0
0
0
0
0
0
0
0
0
0
0
0
0
0
0
0
0
